2, ara
553.93, 54.32, 572.04, 28.87
572.04, 28.87, 619.77, 48.82

15, scorpius
501.82, 106.19, 534.79, 111.90
534.79, 111.90, 520.65, 97.67
520.65, 97.67, 512.09, 85.20
512.09, 85.20, 534.34, 85.12
534.34, 85.12, 575.77, 97.43
575.77, 97.43, 608.79, 110.78
608.79, 110.78, 612.36, 126.20
612.36, 126.20, 616.16, 144.95
616.16, 144.95, 632.05, 172.65
632.05, 172.65, 642.33, 185.22
642.33, 185.22, 656.33, 193.58
656.33, 193.58, 682.29, 217.71
670.01, 225.57, 682.29, 217.71
682.29, 217.71, 694.14, 206.48
694.14, 206.48, 706.67, 200.73

6, lupus
793.38, 182.45, 809.84, 212.57
809.84, 212.57, 818.24, 229.33
818.24, 229.33, 830.22, 245.17
830.22, 245.17, 851.52, 247.05
841.77, 220.78, 830.22, 245.17
809.84, 212.57, 841.77, 220.78

11, sagittarius
432.97, 95.23, 416.29, 110.17
416.29, 110.17, 429.86, 127.07
429.86, 127.07, 452.14, 119.96
429.86, 127.07, 414.27, 144.41
414.27, 144.41, 431.21, 168.90
414.27, 144.41, 384.11, 139.75
384.11, 139.75, 365.46, 152.09
365.46, 152.09, 344.51, 158.41
365.46, 152.09, 354.44, 178.38
344.51, 158.41, 339.70, 135.60
354.44, 178.38, 335.52, 200.25

6, libra
671.64, 252.41, 690.20, 272.65
690.20, 272.65, 702.27, 308.91
690.20, 272.65, 734.70, 279.01
702.27, 308.91, 742.54, 322.38
734.70, 279.01, 742.54, 322.38
742.54, 322.38, 759.12, 283.23

10, serpens
430.59, 225.57, 470.92, 192.36
470.92, 192.36, 525.06, 180.28
525.06, 180.28, 554.37, 209.64
554.37, 209.64, 597.89, 240.00
597.89, 240.00, 619.57, 262.15
619.57, 262.15, 620.12, 277.70
620.12, 277.70, 655.94, 297.78
655.94, 297.78, 630.11, 317.55
630.11, 317.55, 628.91, 339.41
628.91, 339.41, 606.70, 347.43

6, ophiuchus
551.73, 178.02, 554.37, 209.64
554.37, 209.64, 493.18, 267.41
493.18, 267.41, 505.61, 293.03
505.61, 293.03, 551.25, 296.33
551.25, 296.33, 619.57, 262.15
614.91, 223.52, 597.89, 240.00

11, hercules
477.84, 321.24, 478.81, 341.54
478.81, 341.54, 498.78, 346.81
498.78, 346.81, 516.60, 340.79
516.60, 340.79, 527.95, 311.38
516.60, 340.79, 524.15, 362.72
524.15, 362.72, 509.31, 379.35
509.31, 379.35, 531.60, 396.21
531.60, 396.21, 535.05, 421.21
531.60, 396.21, 544.86, 373.80
544.86, 373.80, 565.76, 346.50
565.76, 346.50, 584.14, 346.50

4, coronaBorealis
570.18, 377.29, 584.14, 374.22
584.14, 374.22, 596.20, 379.66
596.20, 379.66, 607.43, 389.33
607.43, 389.33, 595.44, 403.15

10, bootes
590.34, 463.35, 607.69, 467.59
607.69, 467.59, 631.66, 446.98
631.66, 446.98, 677.61, 432.78
631.66, 446.98, 613.71, 438.86
613.71, 438.86, 618.86, 419.68
618.86, 419.68, 598.67, 425.00
618.86, 419.68, 645.45, 417.60
645.45, 417.60, 677.61, 432.78
677.61, 432.78, 694.52, 457.16
677.61, 432.78, 680.21, 407.78

9, virgo
752.71, 387.86, 769.02, 418.46
769.02, 418.46, 760.64, 448.09
760.64, 448.09, 762.38, 499.04
762.38, 499.04, 750.58, 543.13
750.58, 543.13, 752.66, 591.72
750.58, 543.13, 778.09, 550.78
770.63, 599.19, 778.09, 550.78
778.09, 550.78, 785.09, 515.93
785.09, 515.93, 807.36, 443.37

6, lyra
448.96, 393.95, 455.12, 376.72
455.12, 376.72, 435.72, 376.78
435.72, 376.78, 422.76, 379.65
422.76, 379.65, 414.66, 364.63
414.66, 364.63, 429.38, 364.85
429.38, 364.85, 435.72, 376.78

2, sagitta
358.32, 343.58, 362.44, 329.26
362.44, 329.26, 374.39, 329.72

8, aquila
330.17, 332.65, 341.29, 313.62
341.29, 313.62, 354.28, 304.12
354.28, 304.12, 381.43, 292.09
381.43, 292.09, 392.91, 297.75
354.28, 304.12, 341.62, 298.98
341.62, 298.98, 325.29, 278.51
341.62, 298.98, 360.20, 280.48
360.20, 280.48, 360.95, 247.77

1, delphinus
303.00, 352.46, 294.45, 333.96

2, equuleus
260.78, 358.30, 256.20, 335.10
256.20, 335.10, 270.63, 349.22

8, capricorn
267.17, 280.73, 258.25, 249.66
258.25, 249.66, 227.77, 248.26
227.77, 248.26, 194.06, 259.09
194.06, 259.09, 170.38, 276.23
170.38, 276.23, 154.97, 309.42
154.97, 309.42, 151.52, 343.61
151.52, 343.61, 200.39, 294.79
200.39, 294.79, 258.25, 249.66

8, cygnus
313.46, 415.68, 335.64, 413.37
335.64, 413.37, 368.76, 411.98
368.76, 411.98, 403.11, 419.96
403.11, 419.96, 423.82, 429.96
423.82, 429.96, 439.63, 436.86
368.76, 411.98, 379.57, 376.63
368.76, 411.98, 367.00, 432.88
392.95, 350.89, 379.57, 376.63

2, lacerta
318.48, 485.37, 327.28, 502.23
327.28, 502.23, 346.66, 493.70

12, pegasus
240.18, 369.75, 205.38, 405.50
205.38, 405.50, 199.39, 443.15
199.39, 443.15, 197.09, 453.56
197.09, 453.56, 204.43, 494.83
204.43, 494.83, 250.04, 497.64
204.43, 494.83, 197.55, 572.62
250.04, 497.64, 236.06, 479.96
250.04, 497.64, 263.99, 479.78
236.06, 479.96, 268.00, 438.93
263.99, 479.78, 285.25, 465.50
243.20, 564.85, 250.04, 497.64
197.55, 572.62, 243.20, 564.85

5, andromeda
243.20, 564.85, 252.04, 591.80
252.04, 591.80, 281.71, 613.52
281.71, 613.52, 291.59, 603.59
281.71, 613.52, 299.79, 626.03
299.79, 626.03, 312.00, 635.55

4, cassiopeia
384.54, 607.58, 361.79, 605.47
361.79, 605.47, 361.50, 584.98
361.50, 584.98, 344.86, 577.84
344.86, 577.84, 355.22, 558.14

6, cepheus
398.29, 482.07, 389.58, 501.89
389.58, 501.89, 367.78, 509.94
367.78, 509.94, 380.61, 534.38
380.61, 534.38, 419.64, 553.79
419.64, 553.79, 410.61, 513.90
410.61, 513.90, 389.58, 501.89

12, draco
532.68, 579.09, 530.45, 551.92
530.45, 551.92, 542.23, 515.89
542.23, 515.89, 537.66, 482.45
537.66, 482.45, 521.97, 466.34
521.97, 466.34, 501.98, 470.72
501.98, 470.72, 479.15, 476.31
479.15, 476.31, 448.19, 505.83
448.19, 505.83, 436.39, 496.54
436.39, 496.54, 445.10, 482.13
445.10, 482.13, 472.23, 443.41
472.23, 443.41, 487.86, 430.70
472.23, 443.41, 472.56, 421.14

6, ursaMinor
466.25, 563.29, 458.88, 543.06
458.88, 543.06, 466.68, 532.05
466.68, 532.05, 486.90, 530.91
486.90, 530.91, 483.81, 514.46
483.81, 514.46, 496.24, 514.79
496.24, 514.79, 501.62, 524.99

4, camelopardalis
490.07, 572.65, 438.22, 641.51
438.22, 641.51, 439.02, 661.70
439.02, 661.70, 427.20, 680.66
439.02, 661.70, 407.25, 649.29

18, ursaMajor
567.42, 668.43, 572.10, 636.59
572.10, 636.59, 560.91, 624.39
560.91, 624.39, 543.05, 618.62
543.05, 618.62, 526.04, 609.39
526.04, 609.39, 527.61, 648.61
527.61, 648.61, 543.05, 618.62
543.05, 618.62, 561.09, 582.31
561.09, 582.31, 577.62, 587.30
561.09, 582.31, 572.80, 557.49
577.62, 587.30, 589.86, 566.48
589.86, 566.48, 572.80, 557.49
589.86, 566.48, 607.88, 569.79
607.88, 569.79, 615.43, 601.34
607.88, 569.79, 657.99, 586.49
615.43, 601.34, 609.19, 634.96
572.80, 557.49, 573.84, 531.99
573.84, 531.99, 580.25, 508.61
580.25, 508.61, 597.99, 495.56
