4, cassiopeia
428.90, 465.19, 436.14, 442.02
436.14, 442.02, 456.39, 443.62
456.39, 443.62, 462.20, 424.59
462.20, 424.59, 480.95, 436.56

12, pegasus
684.14, 327.64, 652.40, 290.86
652.40, 290.86, 611.57, 281.94
611.57, 281.94, 600.42, 280.09
600.42, 280.09, 560.91, 286.43
560.91, 286.43, 484.73, 275.61
560.91, 286.43, 548.72, 333.83
484.73, 275.61, 486.55, 321.15
486.55, 321.15, 548.72, 333.83
548.72, 333.83, 566.25, 346.38
548.72, 333.83, 572.34, 317.18
566.25, 346.38, 583.43, 370.38
572.34, 317.18, 611.38, 353.14

5, andromeda
486.55, 321.15, 459.00, 333.32
459.00, 333.32, 435.61, 356.46
435.61, 356.46, 444.03, 370.95
435.61, 356.46, 419.16, 379.61
419.16, 379.61, 406.69, 394.96

9, perseus
328.04, 470.16, 340.75, 465.72
340.75, 465.72, 359.73, 462.00
359.73, 462.00, 376.12, 467.89
359.73, 462.00, 356.75, 444.85
356.75, 444.85, 333.79, 443.40
356.75, 444.85, 342.74, 428.82
333.79, 443.40, 309.32, 446.77
309.32, 446.77, 297.75, 422.03
342.74, 428.82, 328.04, 412.57

6, cepheus
558.84, 482.11, 538.18, 475.50
538.18, 475.50, 532.26, 452.07
532.26, 452.07, 506.64, 464.83
506.64, 464.83, 483.66, 507.36
483.66, 507.36, 522.67, 497.05
522.67, 497.05, 538.18, 475.50

9, pisces
452.73, 317.48, 441.22, 301.56
441.22, 301.56, 442.68, 283.48
442.68, 283.48, 389.81, 259.48
389.81, 259.48, 353.57, 255.93
353.57, 255.93, 392.98, 243.27
392.98, 243.27, 456.20, 244.42
456.20, 244.42, 518.56, 246.45
518.56, 246.45, 544.61, 249.97
544.61, 249.97, 559.29, 242.17

13, cetus
478.80, 179.77, 433.70, 151.97
433.70, 151.97, 390.70, 182.06
390.70, 182.06, 331.19, 209.72
331.19, 209.72, 333.55, 178.29
331.19, 209.72, 301.39, 243.89
333.55, 178.29, 308.83, 163.97
301.39, 243.89, 252.22, 230.12
301.39, 243.89, 286.69, 289.79
286.69, 289.79, 262.91, 306.43
262.91, 306.43, 274.80, 314.64
274.80, 314.64, 293.82, 310.62
293.82, 310.62, 300.34, 291.72
300.34, 291.72, 286.69, 289.79

12, aquarius
748.59, 322.67, 697.71, 274.15
697.71, 274.15, 665.50, 254.62
665.50, 254.62, 626.96, 239.05
626.96, 239.05, 628.16, 201.03
626.96, 239.05, 558.13, 191.32
628.16, 201.03, 640.21, 173.78
640.21, 173.78, 619.71, 154.96
558.13, 191.32, 528.59, 151.77
528.59, 151.77, 586.95, 124.33
586.95, 124.33, 601.42, 126.72
601.42, 126.72, 619.03, 126.49
619.03, 126.49, 629.76, 120.61

6, piscesAustrinus
650.21, 128.02, 661.33, 105.82
661.33, 105.82, 673.94, 108.68
673.94, 108.68, 682.41, 116.55
682.41, 116.55, 695.91, 124.54
695.91, 124.54, 747.61, 174.58
747.61, 174.58, 674.10, 150.75

2, phoenix
320.57, 68.61, 381.09, 36.97
381.09, 36.97, 464.95, 48.94

3, triangulum
387.95, 366.48, 370.41, 356.26
370.41, 356.26, 388.43, 345.51
388.43, 345.51, 387.95, 366.48

3, aries
303.51, 352.52, 359.46, 315.11
359.46, 315.11, 367.53, 331.98
367.53, 331.98, 351.86, 344.78

4, grus
751.74, 161.77, 706.46, 90.41
706.46, 90.41, 764.81, 110.72
706.46, 90.41, 686.00, 59.86
643.42, 80.77, 706.46, 90.41

8, capricorn
775.30, 358.36, 806.26, 351.86
806.26, 351.86, 808.16, 319.17
808.16, 319.17, 801.82, 287.52
801.82, 287.52, 786.82, 261.95
786.82, 261.95, 751.97, 243.95
751.97, 243.95, 718.43, 239.12
718.43, 239.12, 762.47, 290.23
762.47, 290.23, 806.26, 351.86

2, equuleus
695.18, 346.64, 717.52, 344.77
717.52, 344.77, 701.04, 361.53

1, delphinus
697.54, 390.01, 714.40, 382.55

2, lacerta
549.02, 433.13, 541.14, 410.19
541.14, 410.19, 558.94, 401.65

8, aquila
717.80, 422.44, 735.50, 433.54
735.50, 433.54, 745.27, 445.65
745.27, 445.65, 755.90, 476.74
755.90, 476.74, 747.54, 489.64
745.27, 445.65, 754.11, 432.73
754.11, 432.73, 776.64, 412.95
754.11, 432.73, 770.46, 452.00
770.46, 452.00, 799.78, 454.36

8, cygnus
603.02, 530.89, 612.42, 514.36
612.42, 514.36, 623.97, 492.16
623.97, 492.16, 634.44, 455.05
634.44, 455.05, 635.47, 420.96
635.47, 420.96, 632.77, 399.15
634.44, 455.05, 610.30, 452.25
634.44, 455.05, 669.65, 469.52
669.65, 469.52, 693.86, 480.70

6, lyra
647.11, 536.80, 666.02, 547.46
666.02, 547.46, 665.45, 528.85
665.45, 528.85, 664.90, 511.56
664.90, 511.56, 680.04, 503.63
680.04, 503.63, 679.38, 518.99
679.38, 518.99, 665.45, 528.85

6, ursaMinor
503.98, 589.11, 517.95, 585.17
517.95, 585.17, 520.71, 569.58
520.71, 569.58, 503.16, 573.39
503.16, 573.39, 502.84, 555.08
502.84, 555.08, 486.44, 541.91
486.44, 541.91, 468.00, 546.70

12, draco
451.79, 618.98, 476.67, 619.97
476.67, 619.97, 512.44, 631.64
512.44, 631.64, 547.41, 628.80
547.41, 628.80, 566.81, 611.30
566.81, 611.30, 566.22, 592.21
566.22, 592.21, 561.99, 567.42
561.99, 567.42, 531.07, 532.96
531.07, 532.96, 539.29, 520.56
539.29, 520.56, 558.27, 531.08
558.27, 531.08, 593.92, 560.00
593.92, 560.00, 606.36, 577.82
593.92, 560.00, 616.40, 561.42

4, camelopardalis
462.52, 575.96, 394.55, 519.32
394.55, 519.32, 371.87, 522.23
371.87, 522.23, 357.23, 509.36
371.87, 522.23, 386.35, 490.70

6, auriga
338.34, 539.83, 306.60, 539.50
306.60, 539.50, 269.51, 539.54
269.51, 539.54, 251.71, 508.14
251.71, 508.14, 273.46, 477.60
273.46, 477.60, 313.44, 508.73
313.44, 508.73, 306.60, 539.50

8, taurus
261.66, 358.92, 243.80, 386.37
243.80, 386.37, 234.00, 408.00
234.00, 408.00, 232.25, 425.86
232.25, 425.86, 232.25, 437.83
232.25, 437.83, 234.70, 450.89
234.00, 408.00, 204.02, 436.01
234.00, 408.00, 219.41, 443.27
219.41, 443.27, 210.19, 499.15

1,lynx
316.80, 644.90, 352.96, 575.25

1, fornax
183.59, 197.40, 227.49, 148.85

15, eridanus
291.98,  7.75, 205.20, 87.55
205.20, 87.55, 150.93, 112.75
150.93, 112.75, 96.42, 137.38
96.42, 137.38, 46.87, 242.54
46.87, 242.54, 45.78, 287.47
45.78, 287.47, 140.82, 246.35
140.82, 246.35, 184.85, 213.80
184.85, 213.80, 229.11, 213.65
229.11, 213.65, 223.42, 261.54
223.42, 261.54, 164.42, 302.89
164.42, 302.89, 129.99, 312.72
129.99, 312.72, 147.20, 367.39
147.20, 367.39, 146.94, 408.64
146.94, 408.64, 132.86, 422.75
132.86, 422.75, 135.20, 453.21

2, sagitta
703.56, 447.00, 716.02, 453.97
716.02, 453.97, 720.05, 471.42
