4, crux
383.81, 15.48, 3
446.39, 15.90, 1
408.27, 29.34, 2
420.04,  5.17, 3

12, vela
853.06, 295.18, 2
810.83, 268.07, 1
799.60, 253.75, 1
774.95, 224.96, 2
736.20, 192.91, 1
672.68, 140.32, 1
620.72, 92.12, 1
641.76, 78.66, 1
706.59, 128.24, 1
765.35, 160.49, 1
779.12, 175.87, 1
828.00, 232.60, 2

8, hydra
673.78, 352.34, 1
662.63, 340.57, 1
662.47, 281.42, 2
583.16, 199.64, 1
463.36, 128.01, 1
340.08, 157.83, 1
257.16, 181.97, 1
193.09, 210.73, 1

12, centaurus
464.64, 58.82, 1
393.23, 65.76, 2
265.48, 75.71, 1
208.18, 79.20, 3
142.06, 108.62, 3
243.39, 105.10, 1
262.74, 117.25, 1
330.01, 119.09, 1
366.17, 91.36, 1
238.33, 153.45, 2
182.48, 148.34, 1
146.01, 174.22, 1

6, lupus
142.95, 142.04, 2
137.29, 166.59, 1
113.88, 150.61, 1
119.56, 180.02, 1
100.78, 182.62, 1
70.59, 201.25, 1

6, libra
178.79, 235.39, 1
220.82, 252.09, 1
203.50, 295.38, 1
165.00, 303.33, 1
174.54, 260.66, 1
144.72, 325.05, 1

4, corvus
426.49, 176.20, 1
417.21, 152.28, 1
459.65, 152.20, 1
447.21, 172.45, 1

4, crater
508.40, 191.18, 1
525.25, 178.37, 1
540.51, 195.37, 1
515.36, 207.08, 1

10, virgo
343.06, 188.95, 3
416.64, 219.34, 1
448.68, 224.34, 1
493.83, 238.75, 1
487.58, 254.46, 1
439.32, 252.05, 1
397.98, 239.00, 1
350.79, 239.19, 1
321.38, 228.21, 1
291.68, 244.63, 1

12, leo
525.08, 225.19, 1
526.64, 252.46, 1
513.24, 269.07, 1
516.68, 282.04, 1
487.32, 284.31, 2
512.53, 306.05, 1
582.42, 323.37, 1
570.59, 331.15, 2
565.61, 352.32, 1
590.78, 357.08, 1
589.52, 300.67, 3
618.21, 305.19, 1

4, cancer
619.43, 411.32, 1
637.84, 385.14, 1
681.98, 391.00, 1
644.19, 354.09, 1

10, bootes
365.92, 409.35, 1
368.98, 389.98, 1
345.50, 366.56, 1
339.49, 386.12, 1
318.65, 379.95, 1
322.94, 401.58, 1
317.87, 350.87, 1
332.02, 320.85, 3
359.19, 301.23, 1
305.83, 319.20, 1

2, lynx
567.91, 506.50, 1
596.11, 441.34, 1

17, ursaMajor
561.02, 433.08, 1
531.11, 427.29, 1
519.38, 439.41, 1
516.89, 455.26, 1
508.04, 473.41, 1
540.85, 474.32, 1
479.33, 441.25, 2
485.49, 422.20, 2
466.25, 410.53, 2
469.34, 391.81, 1
483.96, 344.00, 1
495.08, 384.21, 1
526.46, 387.49, 1
457.89, 426.13, 1
433.75, 423.37, 2
410.92, 418.43, 2
393.21, 399.26, 2

5, coronaBorealis
278.69, 426.86, 1
270.12, 413.50, 1
279.28, 402.11, 2
285.75, 393.32, 1
301.60, 403.22, 1

12, herules
244.23, 411.06, 1
243.54, 435.14, 1
272.29, 456.19, 1
293.25, 470.05, 1
322.74, 466.91, 1
276.19, 493.70, 1
259.81, 478.23, 1
233.26, 483.17, 1
204.41, 474.14, 1
239.66, 502.90, 1
237.44, 522.29, 1
214.65, 525.72, 1

12, draco
451.76, 467.92, 1
416.45, 455.34, 1
380.85, 460.97, 1
363.99, 477.66, 1
368.33, 496.27, 1
373.66, 519.18, 1
401.80, 553.02, 1
395.23, 563.80, 1
380.11, 556.32, 1
338.67, 530.80, 1
328.91, 516.41, 1
319.29, 528.46, 2

7, ursaMinor
426.97, 500.15, 2
412.14, 502.86, 1
414.86, 518.86, 1
429.56, 511.29, 1
430.10, 531.41, 1
442.70, 539.30, 1
459.35, 535.30, 1

5, camelopardalis
469.77, 507.47, 1
534.58, 562.13, 1
548.93, 559.49, 1
569.92, 569.85, 1
543.28, 588.07, 1

6, cepheus
381.64, 604.52, 1
400.42, 615.88, 1
406.59, 638.14, 1
434.41, 620.32, 1
451.67, 580.31, 1
412.39, 589.81, 1

8, gemini
687.79, 520.99, 1
671.08, 496.75, 1
634.80, 465.69, 2
651.05, 442.88, 3
670.42, 463.56, 1
687.77, 455.64, 1
685.35, 478.03, 1
700.91, 502.10, 2

2, canisMinor
715.22, 439.52, 1
718.69, 419.19, 3

6, auriga
585.03, 536.43, 1
610.92, 537.43, 2
643.11, 536.92, 1
660.41, 568.08, 2
642.43, 593.79, 1
608.54, 565.47, 3

5, cassiopeia
503.79, 614.42, 1
501.92, 635.75, 1
482.55, 637.04, 2
476.11, 654.42, 2
455.79, 646.61, 2

10, perseus
627.25, 644.87, 1
614.02, 626.37, 1
590.00, 628.60, 1
572.71, 628.60, 1
584.90, 645.06, 2
602.70, 659.45, 1
568.66, 611.17, 1
552.61, 606.55, 1
579.96, 606.04, 2
594.64, 600.90, 1

8, ophiuchus
59.76, 449.87, 1
90.94, 445.17, 1
152.27, 514.11, 1
182.66, 499.43, 2
186.59, 448.22, 1
153.87, 380.07, 1
127.18, 397.62, 1
113.26, 384.57, 1

6, lyra
291.76, 554.89, 1
271.73, 548.00, 3
272.59, 566.86, 1
271.55, 582.98, 1
260.45, 592.38, 1
256.23, 570.53, 1

5, serpensHead
244.64, 387.84, 1
236.21, 369.72, 1
212.30, 370.03, 1
189.78, 341.36, 1
170.04, 373.88, 1
