5, cassiopeia
428.90, 465.19, 1
436.14, 442.02, 1
456.39, 443.62, 2
462.20, 424.59, 2
480.95, 436.56, 2

12, pegasus
684.14, 327.64, 1
652.40, 290.86, 1
611.57, 281.94, 1
600.42, 280.09, 1
560.91, 286.43, 2
484.73, 275.61, 1
486.55, 321.15, 2
548.72, 333.83, 2
566.25, 346.38, 1
583.43, 370.38, 1
572.34, 317.18, 1
611.38, 353.14, 1

6, andromeda
486.55, 321.15, 2
459.00, 333.32, 1
435.61, 356.46, 2
444.03, 370.95, 1
419.16, 379.61, 1
406.69, 394.96, 2

10, perseus
328.04, 470.16, 1
340.75, 465.72, 2
359.73, 462.00, 1
376.12, 467.89, 1
356.75, 444.85, 1
333.79, 443.40, 1
309.32, 446.77, 1
297.75, 422.03, 1
342.74, 428.82, 2
328.04, 412.57, 1

6, cepheus
558.84, 482.11, 1
538.18, 475.50, 1
532.26, 452.07, 1
506.64, 464.83, 1
483.66, 507.36, 1
522.67, 497.05, 1

10, pisces
452.73, 317.48, 1
441.22, 301.56, 1
442.68, 283.48, 1
389.81, 259.48, 1
353.57, 255.93, 1
392.98, 243.27, 1
456.20, 244.42, 1
518.56, 246.45, 1
544.61, 249.97, 1
559.29, 242.17, 1

13, cetus
478.80, 179.77, 1
433.70, 151.97, 2
390.70, 182.06, 1
331.19, 209.72, 1
333.55, 178.29, 1
308.83, 163.97, 1
301.39, 243.89, 2
252.22, 230.12, 1
286.69, 289.79, 1
262.91, 306.43, 1
274.80, 314.64, 1
293.82, 310.62, 1
300.34, 291.72, 1

13, aquarius
748.59, 322.67, 1
697.71, 274.15, 1
665.50, 254.62, 1
626.96, 239.05, 1
628.16, 201.03, 1
640.21, 173.78, 1
619.71, 154.96, 1
558.13, 191.32, 1
528.59, 151.77, 1
586.95, 124.33, 1
601.42, 126.72, 1
619.03, 126.49, 1
629.76, 120.61, 1

7, piscesAustrinus
650.21, 128.02, 3
661.33, 105.82, 1
673.94, 108.68, 1
682.41, 116.55, 1
695.91, 124.54, 1
747.61, 174.58, 1
674.10, 150.75, 1

3, phoenix
320.57, 68.61, 1
381.09, 36.97, 1
464.95, 48.94, 2

3, triangulum
387.95, 366.48, 1
370.41, 356.26, 1
388.43, 345.51, 1

4, aries
303.51, 352.52, 1
359.46, 315.11, 1
367.53, 331.98, 1
351.86, 344.78, 2

5, grus
751.74, 161.77, 1
706.46, 90.41, 2
764.81, 110.72, 2
686.00, 59.86, 1
643.42, 80.77, 1

8, capricorn
775.30, 358.36, 1
806.26, 351.86, 1
808.16, 319.17, 1
801.82, 287.52, 1
786.82, 261.95, 1
751.97, 243.95, 1
718.43, 239.12, 1
762.47, 290.23, 1

3, equuleus
695.18, 346.64, 1
717.52, 344.77, 1
701.04, 361.53, 1

2, delphinus
697.54, 390.01, 1
714.40, 382.55, 1

3, lacerta
549.02, 433.13, 1
541.14, 410.19, 1
558.94, 401.65, 1

9, aquila
717.80, 422.44, 1
735.50, 433.54, 1
745.27, 445.65, 1
755.90, 476.74, 1
747.54, 489.64, 1
754.11, 432.73, 3
776.64, 412.95, 1
770.46, 452.00, 1
799.78, 454.36, 1

9, cygnus
603.02, 530.89, 1
612.42, 514.36, 1
623.97, 492.16, 1
634.44, 455.05, 2
635.47, 420.96, 1
632.77, 399.15, 1
610.30, 452.25, 3
669.65, 469.52, 1
693.86, 480.70, 1

6, lyra
647.11, 536.80, 1
666.02, 547.46, 3
665.45, 528.85, 1
664.90, 511.56, 1
680.04, 503.63, 1
679.38, 518.99, 1

7, ursaMinor
503.98, 589.11, 2
517.95, 585.17, 1
520.71, 569.58, 1
503.16, 573.39, 1
502.84, 555.08, 1
486.44, 541.91, 1
468.00, 546.70, 1

13, draco
451.79, 618.98, 1
476.67, 619.97, 1
512.44, 631.64, 1
547.41, 628.80, 1
566.81, 611.30, 1
566.22, 592.21, 1
561.99, 567.42, 1
531.07, 532.96, 1
539.29, 520.56, 1
558.27, 531.08, 1
593.92, 560.00, 1
606.36, 577.82, 1
616.40, 561.42, 2

5, camelopardalis
462.52, 575.96, 1
394.55, 519.32, 1
371.87, 522.23, 1
357.23, 509.36, 1
386.35, 490.70, 1

6, auriga
338.34, 539.83, 1
306.60, 539.50, 2
269.51, 539.54, 1
251.71, 508.14, 2
273.46, 477.60, 1
313.44, 508.73, 3

9, taurus
261.66, 358.92, 1
243.80, 386.37, 1
234.00, 408.00, 1
232.25, 425.86, 1
232.25, 437.83, 1
234.70, 450.89, 1
204.02, 436.01, 1
219.41, 443.27, 3
210.19, 499.15, 1

2,lynx
316.80, 644.90, 1
352.96, 575.25, 1

2, fornax
183.59, 197.40, 1
227.49, 148.85, 1

16, eridanus
291.98,  7.75, 3
205.20, 87.55, 1
150.93, 112.75, 1
96.42, 137.38, 1
46.87, 242.54, 1
45.78, 287.47, 1
140.82, 246.35, 1
184.85, 213.80, 1
229.11, 213.65, 1
223.42, 261.54, 1
164.42, 302.89, 1
129.99, 312.72, 1
147.20, 367.39, 1
146.94, 408.64, 1
132.86, 422.75, 1
135.20, 453.21, 1

3, sagitta
703.56, 447.00, 1
716.02, 453.97, 1
720.05, 471.42, 1
