3, ara
553.93, 54.32, 1
572.04, 28.87, 1
619.77, 48.82, 1

16, scorpius
501.82, 106.19, 1
534.79, 111.90, 2
520.65, 97.67, 2
512.09, 85.20, 2
534.34, 85.12, 1
575.77, 97.43, 1
608.79, 110.78, 1
612.36, 126.20, 1
616.16, 144.95, 2
632.05, 172.65, 1
642.33, 185.22, 3
656.33, 193.58, 1
670.01, 225.57, 1
682.29, 217.71, 2
694.14, 206.48, 1
706.67, 200.73, 1

6, lupus
793.38, 182.45, 1
809.84, 212.57, 1
818.24, 229.33, 1
830.22, 245.17, 1
841.77, 220.78, 1
851.52, 247.05, 2

12, sagittarius
432.97, 95.23, 1
416.29, 110.17, 2
429.86, 127.07, 1
452.14, 119.96, 1
414.27, 144.41, 1
431.21, 168.90, 1
384.11, 139.75, 1
365.46, 152.09, 2
344.51, 158.41, 1
339.70, 135.60, 1
354.44, 178.38, 1
335.52, 200.25, 1

6, libra
671.64, 252.41, 1
690.20, 272.65, 1
702.27, 308.91, 1
734.70, 279.01, 1
742.54, 322.38, 1
759.12, 283.23, 1

11, serpens
430.59, 225.57, 1
470.92, 192.36, 1
525.06, 180.28, 1
554.37, 209.64, 1
597.89, 240.00, 1
619.57, 262.15, 1
620.12, 277.70, 1
655.94, 297.78, 1
630.11, 317.55, 1
628.91, 339.41, 1
606.70, 347.43, 1

5, ophiuchus
551.73, 178.02, 1
493.18, 267.41, 1
505.61, 293.03, 2
551.25, 296.33, 1
614.91, 223.52, 1

12, hercules
477.84, 321.24, 1
478.81, 341.54, 1
498.78, 346.81, 1
516.60, 340.79, 1
527.95, 311.38, 1
524.15, 362.72, 1
509.31, 379.35, 1
531.60, 396.21, 1
535.05, 421.21, 1
544.86, 373.80, 1
565.76, 346.50, 1
584.14, 346.50, 1

5, coronaBorealis
570.18, 377.29, 1
584.14, 374.22, 1
596.20, 379.66, 2
607.43, 389.33, 1
595.44, 403.15, 1

10, bootes
590.34, 463.35, 1
607.69, 467.59, 1
631.66, 446.98, 1
613.71, 438.86, 1
618.86, 419.68, 1
598.67, 425.00, 1
645.45, 417.60, 1
677.61, 432.78, 3
694.52, 457.16, 1
680.21, 407.78, 1

10, virgo
752.71, 387.86, 1
769.02, 418.46, 1
760.64, 448.09, 1
762.38, 499.04, 1
750.58, 543.13, 1
752.66, 591.72, 1
770.63, 599.19, 1
778.09, 550.78, 1
785.09, 515.93, 1
807.36, 443.37, 3

6, lyra
448.96, 393.95, 1
455.12, 376.72, 3
435.72, 376.78, 1
422.76, 379.65, 1
414.66, 364.63, 1
429.38, 364.85, 1

3, sagitta
358.32, 343.58, 1
362.44, 329.26, 1
374.39, 329.72, 1

9, aquila
330.17, 332.65, 1
341.29, 313.62, 1
354.28, 304.12, 1
381.43, 292.09, 1
392.91, 297.75, 1
341.62, 298.98, 3
325.29, 278.51, 1
360.20, 280.48, 1
360.95, 247.77, 1

2, delphinus
303.00, 352.46, 1
294.45, 333.96, 1

3, equuleus
260.78, 358.30, 1
256.20, 335.10, 1
270.63, 349.22, 1

8, capricorn
267.17, 280.73, 1
258.25, 249.66, 1
227.77, 248.26, 1
194.06, 259.09, 1
170.38, 276.23, 1
154.97, 309.42, 1
151.52, 343.61, 1
200.39, 294.79, 1

9, cygnus
313.46, 415.68, 1
335.64, 413.37, 1
368.76, 411.98, 2
403.11, 419.96, 1
423.82, 429.96, 1
439.63, 436.86, 1
379.57, 376.63, 1
392.95, 350.89, 1
367.00, 432.88, 3

3, lacerta
318.48, 485.37, 1
327.28, 502.23, 1
346.66, 493.70, 1

12, pegasus
240.18, 369.75, 1
205.38, 405.50, 1
199.39, 443.15, 1
197.09, 453.56, 1
204.43, 494.83, 2
250.04, 497.64, 2
236.06, 479.96, 1
268.00, 438.93, 1
263.99, 479.78, 1
285.25, 465.50, 1
243.20, 564.85, 2
197.55, 572.62, 1

5, andromeda
252.04, 591.80, 1
281.71, 613.52, 2
291.59, 603.59, 1
299.79, 626.03, 1
312.00, 635.55, 2

5, cassiopeia
384.54, 607.58, 1
361.79, 605.47, 1
361.50, 584.98, 2
344.86, 577.84, 2
355.22, 558.14, 2

6, cepheus
398.29, 482.07, 1
389.58, 501.89, 1
367.78, 509.94, 1
380.61, 534.38, 1
419.64, 553.79, 1
410.61, 513.90, 1

13, draco
532.68, 579.09, 1
530.45, 551.92, 1
542.23, 515.89, 1
537.66, 482.45, 1
521.97, 466.34, 1
501.98, 470.72, 1
479.15, 476.31, 1
448.19, 505.83, 1
436.39, 496.54, 1
445.10, 482.13, 1
472.23, 443.41, 1
487.86, 430.70, 1
472.56, 421.14, 2

7, ursaMinor
466.25, 563.29, 1
458.88, 543.06, 1
466.68, 532.05, 1
486.90, 530.91, 1
483.81, 514.46, 1
496.24, 514.79, 1
501.62, 524.99, 2

5, camelopardalis
490.07, 572.65, 1
438.22, 641.51, 1
439.02, 661.70, 1
427.20, 680.66, 1
407.25, 649.29, 1

17, ursaMajor
567.42, 668.43, 1
572.10, 636.59, 1
560.91, 624.39, 1
543.05, 618.62, 1
526.04, 609.39, 1
527.61, 648.61, 1
561.09, 582.31, 2
577.62, 587.30, 2
589.86, 566.48, 2
607.88, 569.79, 1
615.43, 601.34, 1
609.19, 634.96, 1
657.99, 586.49, 1
572.80, 557.49, 1
573.84, 531.99, 2
580.25, 508.61, 2
597.99, 495.56, 2
