5, columba
487.14, 39.69, 491.79, 98.40
468.26, 107.62, 491.79, 98.40
491.79, 98.40, 507.23, 88.96
507.23, 88.96, 527.59, 103.59
527.59, 103.59, 545.92, 94.42

8, puppis
302.12, 156.50, 250.26, 116.95
250.26, 116.95, 348.11, 100.18
250.26, 116.95, 315.63, 85.45
348.11, 100.18, 315.63, 85.45
315.63, 85.45, 341.71, 69.83
341.71, 69.83, 419.84, 69.45
419.84, 69.45, 394.51, 46.94
394.51, 46.94, 341.71, 69.83

8, canisMajor
338.22, 128.59, 372.82, 142.29
372.82, 142.29, 394.68, 121.32
372.82, 142.29, 385.98, 150.29
394.68, 121.32, 436.21, 108.36
385.98, 150.29, 401.30, 160.96
401.30, 160.96, 445.63, 152.51
401.30, 160.96, 404.27, 181.93
401.30, 160.96, 383.43, 177.98

1, canisMinor
349.83, 256.86, 368.29, 264.56

10, lepus
502.22, 176.64, 523.60, 175.14
523.60, 175.14, 514.83, 154.28
523.60, 175.14, 545.75, 161.37
514.83, 154.28, 531.10, 141.21
514.83, 154.28, 545.75, 161.37
545.75, 161.37, 557.05, 150.19
557.05, 150.19, 580.61, 146.85
545.75, 161.37, 574.96, 171.70
574.96, 171.70, 570.33, 189.65
574.96, 171.70, 555.02, 184.65

11, orion
497.28, 218.79, 507.29, 226.81
507.29, 226.81, 522.57, 236.89
522.57, 236.89, 548.07, 213.40
548.07, 213.40, 494.72, 196.81
494.72, 196.81, 497.28, 218.79
497.28, 218.79, 484.14, 251.66
484.14, 251.66, 500.85, 271.86
500.85, 271.86, 518.34, 264.15
518.34, 264.15, 522.57, 236.89
518.34, 264.15, 536.53, 283.25
536.53, 283.25, 547.88, 274.03

7, gemini
451.97, 303.25, 427.01, 320.95
427.01, 320.95, 392.36, 352.84
392.36, 352.84, 374.20, 334.02
374.20, 334.02, 392.89, 311.51
392.89, 311.51, 386.56, 295.35
392.89, 311.51, 408.05, 299.17
408.05, 299.17, 432.48, 289.66

3, cancer
307.62, 344.14, 334.16, 364.70
307.62, 344.14, 314.96, 296.44
307.62, 344.14, 273.39, 332.11

1, lynx
365.87, 393.85, 427.92, 427.79

13, leo
120.93, 455.15, 148.87, 454.18
148.87, 454.18, 166.73, 470.79
166.73, 470.79, 188.81, 466.38
188.81, 466.38, 185.87, 503.66
185.87, 503.66, 206.70, 474.38
206.70, 474.38, 188.81, 466.38
206.70, 474.38, 232.65, 399.69
232.65, 399.69, 241.09, 418.67
232.65, 399.69, 209.66, 387.84
241.09, 418.67, 265.13, 420.26
265.13, 420.26, 275.16, 387.20
209.66, 387.84, 188.81, 466.38
209.66, 387.84, 216.20, 354.58

3, crater
79.17, 471.03, 65.01, 452.26
65.01, 452.26, 83.94, 442.32
83.94, 442.32, 95.73, 467.39

7, auriga
460.26, 414.84, 461.99, 383.88
461.99, 383.88, 466.02, 347.99
466.02, 347.99, 495.15, 332.60
495.15, 332.60, 521.91, 354.47
521.91, 354.47, 491.49, 387.51
491.49, 387.51, 461.99, 383.88
537.98, 325.07, 495.15, 332.60

8, taurus
625.98, 343.62, 601.77, 329.52
601.77, 329.52, 582.61, 320.65
582.61, 320.65, 547.56, 303.11
582.61, 320.65, 558.99, 291.74
582.61, 320.65, 564.71, 319.16
564.71, 319.16, 552.86, 319.66
552.86, 319.66, 540.98, 322.07
547.56, 303.11, 503.98, 294.65

9, perseus
523.43, 402.55, 528.96, 415.36
528.96, 415.36, 531.59, 432.98
531.59, 432.98, 525.37, 449.73
531.59, 432.98, 547.61, 432.20
547.61, 432.20, 564.28, 418.82
547.61, 432.20, 551.46, 414.51
564.28, 418.82, 577.26, 403.56
551.46, 414.51, 546.61, 388.43
546.61, 388.43, 563.78, 380.81

3, aries
631.07, 380.71, 661.81, 435.58
661.81, 435.58, 651.07, 440.57
651.07, 440.57, 642.62, 430.05

3, triangulum
620.65, 459.72, 628.30, 444.31
628.30, 444.31, 636.32, 460.34
636.32, 460.34, 620.65, 459.72

5, andromeda
593.69, 475.21, 606.11, 486.35
606.11, 486.35, 627.33, 503.57
627.33, 503.57, 616.14, 513.60
627.33, 503.57, 651.63, 525.94
651.63, 525.94, 659.18, 553.63

14, eridanus
546.09, 229.05, 573.04, 230.65
573.04, 230.65, 584.07, 244.43
584.07, 244.43, 619.58, 245.75
619.58, 245.75, 670.76, 235.27
670.76, 235.27, 676.36, 263.17
676.36, 263.17, 710.45, 315.75
710.45, 315.75, 748.37, 321.27
748.37, 321.27, 752.16, 287.84
752.16, 287.84, 724.82, 244.02
724.82, 244.02, 692.82, 167.99
692.82, 167.99, 728.29, 164.10
728.29, 164.10, 813.65, 212.39
813.65, 212.39, 831.04, 262.71
831.04, 262.71, 849.39, 304.43

1, fornax
767.19, 282.02, 804.64, 320.90

12, cetus
673.41, 347.08, 665.83, 356.60
665.83, 356.60, 666.60, 374.71
666.60, 374.71, 680.96, 382.12
680.96, 382.12, 687.09, 367.21
687.09, 367.21, 673.41, 347.08
680.96, 382.12, 723.36, 381.86
723.36, 381.86, 737.97, 340.84
723.36, 381.86, 752.53, 407.15
752.53, 407.15, 777.02, 414.62
752.53, 407.15, 778.29, 463.38
777.02, 414.62, 790.77, 395.04
778.29, 463.38, 800.18, 495.89

4, camelopardalis
425.53, 530.70, 479.97, 466.52
479.97, 466.52, 479.97, 443.05
479.97, 443.05, 487.92, 431.70
479.97, 443.05, 507.30, 457.97

4, cassiopeia
528.11, 497.07, 550.41, 501.48
550.41, 501.48, 549.07, 523.17
549.07, 523.17, 562.41, 529.94
562.41, 529.94, 555.37, 551.10

3, pegasus
698.78, 546.81, 692.76, 617.81
692.76, 617.81, 651.02, 611.62
651.02, 611.62, 651.02, 611.62

2, lacerta
586.10, 623.56, 576.46, 605.66
576.46, 605.66, 557.51, 615.32

6, cepheus
511.00, 623.79, 519.19, 603.39
519.19, 603.39, 541.86, 599.32
541.86, 599.32, 529.58, 571.30
529.58, 571.30, 489.06, 552.38
489.06, 552.38, 498.07, 587.06
498.07, 587.06, 519.19, 603.39

6, ursaMinor
410.83, 572.40, 411.59, 588.72
411.59, 588.72, 428.24, 587.21
428.24, 587.21, 424.45, 570.84
424.45, 570.84, 442.14, 570.84
442.14, 570.84, 453.73, 556.72
453.73, 556.72, 451.52, 534.40

12, draco
385.95, 517.11, 381.24, 548.76
381.24, 548.76, 367.41, 582.03
367.41, 582.03, 369.66, 616.89
369.66, 616.89, 386.29, 640.90
386.29, 640.90, 404.87, 633.60
404.87, 633.60, 428.60, 628.79
428.60, 628.79, 461.12, 598.74
461.12, 598.74, 473.06, 608.41
473.06, 608.41, 461.98, 622.67
461.98, 622.67, 437.31, 660.23
437.31, 660.23, 419.27, 672.23
437.31, 660.23, 435.21, 683.54

4, hydra
34.45, 474.46, 92.49, 389.48
92.49, 389.48, 191.22, 301.26
191.22, 301.26, 259.93, 311.06
259.93, 311.06, 274.11, 300.16

18, ursaMajor
351.46, 429.54, 346.18, 460.18
346.18, 460.18, 356.36, 471.62
356.36, 471.62, 374.95, 476.96
374.95, 476.96, 389.14, 488.05
389.14, 488.05, 392.05, 453.17
392.05, 453.17, 374.95, 476.96
374.95, 476.96, 352.69, 515.82
352.69, 515.82, 337.13, 509.47
352.69, 515.82, 335.86, 539.93
337.13, 509.47, 318.02, 531.61
318.02, 531.61, 335.86, 539.93
318.02, 531.61, 303.65, 524.65
303.65, 524.65, 296.50, 493.40
303.65, 524.65, 252.43, 506.84
296.50, 493.40, 302.87, 462.44
335.86, 539.93, 331.03, 562.72
331.03, 562.72, 327.24, 585.62
327.24, 585.62, 303.67, 604.36
