2, crux
383.81, 15.48, 446.39, 15.90
408.27, 29.34, 420.04,  5.17

12, vela
853.06, 295.18, 810.83, 268.07
810.83, 268.07, 799.60, 253.75
799.60, 253.75, 774.95, 224.96
774.95, 224.96, 736.20, 192.91
736.20, 192.91, 672.68, 140.32
672.68, 140.32, 620.72, 92.12 
620.72, 92.12, 641.76, 78.66
641.76, 78.66, 706.59, 128.24 
706.59, 128.24, 765.35, 160.49
765.35, 160.49, 779.12, 175.87 
779.12, 175.87, 828.00, 232.60 
828.00, 232.60, 853.06, 295.18

7, hydra
673.78, 352.34, 662.63, 340.57
662.63, 340.57, 662.47, 281.42
662.47, 281.42, 583.16, 199.64
583.16, 199.64, 463.36, 128.01
463.36, 128.01, 340.08, 157.83
340.08, 157.83, 257.16, 181.97
257.16, 181.97, 193.09, 210.73

12, centaurus
464.64, 58.82, 393.23, 65.76
393.23, 65.76, 265.48, 75.71
265.48, 75.71, 208.18, 79.20
265.48, 75.71, 243.39, 105.10
208.18, 79.20, 142.06, 108.62
208.18, 79.20, 243.39, 105.10
243.39, 105.10, 262.74, 117.25
262.74, 117.25, 330.01, 119.09
330.01, 119.09, 366.17, 91.36
330.01, 119.09, 238.33, 153.45
238.33, 153.45, 182.48, 148.34
182.48, 148.34, 146.01, 174.22

6, lupus
142.95, 142.04, 137.29, 166.59
137.29, 166.59, 113.88, 150.61
137.29, 166.59, 119.56, 180.02
113.88, 150.61, 100.78, 182.62
119.56, 180.02, 100.78, 182.62
100.78, 182.62, 70.59, 201.25

6, libra
178.79, 235.39, 220.82, 252.09
220.82, 252.09, 203.50, 295.38
220.82, 252.09, 174.54, 260.66
203.50, 295.38, 165.00, 303.33
165.00, 303.33, 174.54, 260.66
165.00, 303.33, 144.72, 325.05

4, corvus
426.49, 176.20, 417.21, 152.28
417.21, 152.28, 459.65, 152.20
459.65, 152.20, 447.21, 172.45
447.21, 172.45, 426.49, 176.20

3, crater
508.40, 191.18, 525.25, 178.37
525.25, 178.37, 540.51, 195.37
540.51, 195.37, 515.36, 207.08

9, virgo
343.06, 188.95, 416.64, 219.34
416.64, 219.34, 448.68, 224.34
448.68, 224.34, 493.83, 238.75
448.68, 224.34, 439.32, 252.05
487.58, 254.46, 439.32, 252.05
439.32, 252.05, 397.98, 239.00
397.98, 239.00, 350.79, 239.19
350.79, 239.19, 321.38, 228.21
321.38, 228.21, 291.68, 244.63

13, leo
525.08, 225.19, 526.64, 252.46
526.64, 252.46, 513.24, 269.07
513.24, 269.07, 516.68, 282.04
516.68, 282.04, 487.32, 284.31
487.32, 284.31, 512.53, 306.05
512.53, 306.05, 516.68, 282.04
512.53, 306.05, 582.42, 323.37
582.42, 323.37, 570.59, 331.15
582.42, 323.37, 589.52, 300.67
570.59, 331.15, 565.61, 352.32
565.61, 352.32, 590.78, 357.08
589.52, 300.67, 618.21, 305.19
589.52, 300.67, 516.68, 282.04

3, cancer
619.43, 411.32, 637.84, 385.14
637.84, 385.14, 681.98, 391.00
637.84, 385.14, 644.19, 354.09

11, bootes
365.92, 409.35, 368.98, 389.98
368.98, 389.98, 345.50, 366.56
345.50, 366.56, 339.49, 386.12
345.50, 366.56, 332.02, 320.85
339.49, 386.12, 318.65, 379.95
318.65, 379.95, 322.94, 401.58
318.65, 379.95, 317.87, 350.87
317.87, 350.87, 332.02, 320.85
332.02, 320.85, 359.19, 301.23
332.02, 320.85, 359.19, 301.23
359.19, 301.23, 305.83, 319.20

1, lynx
567.91, 506.50, 596.11, 441.34

18, ursaMajor
561.02, 433.08, 531.11, 427.29
531.11, 427.29, 519.38, 439.41
519.38, 439.41, 516.89, 455.26
516.89, 455.26, 508.04, 473.41
508.04, 473.41, 540.85, 474.32
540.85, 474.32, 516.89, 455.26
516.89, 455.26, 479.33, 441.25
479.33, 441.25, 485.49, 422.20
479.33, 441.25, 457.89, 426.13
485.49, 422.20, 466.25, 410.53
466.25, 410.53, 469.34, 391.81
466.25, 410.53, 457.89, 426.13
469.34, 391.81, 483.96, 344.00
469.34, 391.81, 495.08, 384.21
495.08, 384.21, 526.46, 387.49
457.89, 426.13, 433.75, 423.37
433.75, 423.37, 410.92, 418.43
410.92, 418.43, 393.21, 399.26

4, coronaBorealis
278.69, 426.86, 270.12, 413.50
270.12, 413.50, 279.28, 402.11
279.28, 402.11, 285.75, 393.32
285.75, 393.32, 301.60, 403.22

11, herules
244.23, 411.06, 243.54, 435.14
243.54, 435.14, 272.29, 456.19
272.29, 456.19, 293.25, 470.05
293.25, 470.05, 322.74, 466.91
293.25, 470.05, 276.19, 493.70
276.19, 493.70, 259.81, 478.23
259.81, 478.23, 233.26, 483.17
233.26, 483.17, 204.41, 474.14
233.26, 483.17, 239.66, 502.90
239.66, 502.90, 237.44, 522.29
237.44, 522.29, 214.65, 525.72

11, draco
451.76, 467.92, 416.45, 455.34
416.45, 455.34, 380.85, 460.97
380.85, 460.97, 363.99, 477.66
363.99, 477.66, 368.33, 496.27
368.33, 496.27, 373.66, 519.18
373.66, 519.18, 401.80, 553.02
401.80, 553.02, 395.23, 563.80
395.23, 563.80, 380.11, 556.32
380.11, 556.32, 338.67, 530.80
338.67, 530.80, 328.91, 516.41
338.67, 530.80, 319.29, 528.46

6, ursaMinor
426.97, 500.15, 412.14, 502.86
412.14, 502.86, 414.86, 518.86
414.86, 518.86, 429.56, 511.29
429.56, 511.29, 430.10, 531.41
430.10, 531.41, 442.70, 539.30
442.70, 539.30, 459.35, 535.30

4, camelopardalis
469.77, 507.47, 534.58, 562.13
534.58, 562.13, 548.93, 559.49
548.93, 559.49, 569.92, 569.85
548.93, 559.49, 543.28, 588.07

6, cepheus
381.64, 604.52, 400.42, 615.88
400.42, 615.88, 406.59, 638.14
406.59, 638.14, 434.41, 620.32
434.41, 620.32, 451.67, 580.31
451.67, 580.31, 412.39, 589.81
412.39, 589.81, 400.42, 615.88

7, gemini
687.79, 520.99, 671.08, 496.75
671.08, 496.75, 634.80, 465.69
634.80, 465.69, 651.05, 442.88
651.05, 442.88, 670.42, 463.56
670.42, 463.56, 687.77, 455.64
670.42, 463.56, 685.35, 478.03
685.35, 478.03, 700.91, 502.10

1, canisMinor
715.22, 439.52, 718.69, 419.19

6, auriga
585.03, 536.43, 610.92, 537.43
610.92, 537.43, 643.11, 536.92
643.11, 536.92, 660.41, 568.08
660.41, 568.08, 642.43, 593.79
642.43, 593.79, 608.54, 565.47
608.54, 565.47, 610.92, 537.43

4, cassiopeia
503.79, 614.42, 501.92, 635.75
501.92, 635.75, 482.55, 637.04
482.55, 637.04, 476.11, 654.42
476.11, 654.42, 455.79, 646.61

9, perseus
627.25, 644.87, 614.02, 626.37
614.02, 626.37, 590.00, 628.60
590.00, 628.60, 572.71, 628.60
572.71, 628.60, 584.90, 645.06
572.71, 628.60, 568.66, 611.17
584.90, 645.06, 602.70, 659.45
568.66, 611.17, 552.61, 606.55
568.66, 611.17, 579.96, 606.04
579.96, 606.04, 594.64, 600.90

8, ophiuchus
59.76, 449.87, 90.94, 445.17
90.94, 445.17, 152.27, 514.11
152.27, 514.11, 182.66, 499.43
182.66, 499.43, 186.59, 448.22
186.59, 448.22, 153.87, 380.07
153.87, 380.07, 127.18, 397.62
127.18, 397.62, 113.26, 384.57
127.18, 397.62, 90.94, 445.17

6, lyra
291.76, 554.89, 271.73, 548.00
271.73, 548.00, 272.59, 566.86
272.59, 566.86, 271.55, 582.98
271.55, 582.98, 260.45, 592.38
260.45, 592.38, 256.23, 570.53
256.23, 570.53, 272.59, 566.86

4, serpensHead
244.64, 387.84, 236.21, 369.72
236.21, 369.72, 212.30, 370.03
212.30, 370.03, 189.78, 341.36
189.78, 341.36, 170.04, 373.88
