6, columba
487.14, 39.69, 1
468.26, 107.62, 1
491.79, 98.40, 1
507.23, 88.96, 1
527.59, 103.59, 1
545.92, 94.42, 1

7, puppis
302.12, 156.50, 1
250.26, 116.95, 2
348.11, 100.18, 1
315.63, 85.45, 1
341.71, 69.83, 1
419.84, 69.45, 1
394.51, 46.94, 1

9, canisMajor
338.22, 128.59, 2
372.82, 142.29, 2
394.68, 121.32, 2
436.21, 108.36, 1
385.98, 150.29, 1
401.30, 160.96, 3
445.63, 152.51, 2
404.27, 181.93, 1
383.43, 177.98, 1

2, canisMinor
349.83, 256.86, 3
368.29, 264.56, 1

10, lepus
502.22, 176.64, 1
523.60, 175.14, 1
514.83, 154.28, 1
531.10, 141.21, 1
545.75, 161.37, 1
557.05, 150.19, 1
580.61, 146.85, 1
574.96, 171.70, 1
570.33, 189.65, 1
555.02, 184.65, 1

10, orion
497.28, 218.79, 2
507.29, 226.81, 2
522.57, 236.89, 2
548.07, 213.40, 3
494.72, 196.81, 2
484.14, 251.66, 3
500.85, 271.86, 1
518.34, 264.15, 2
536.53, 283.25, 1
547.88, 274.03, 1

8, gemini
451.97, 303.25, 1
427.01, 320.95, 1
392.36, 352.84, 2
374.20, 334.02, 3
392.89, 311.51, 1
386.56, 295.35, 1
408.05, 299.17, 1
432.48, 289.66, 2

4, cancer
334.16, 364.70, 1
307.62, 344.14, 1
314.96, 296.44, 1
273.39, 332.11, 1

2, lynx
365.87, 393.85, 1
427.92, 427.79, 1

12, leo
120.93, 455.15, 1
148.87, 454.18, 1
166.73, 470.79, 1
188.81, 466.38, 1
185.87, 503.66, 2
206.70, 474.38, 1
232.65, 399.69, 1
241.09, 418.67, 2
265.13, 420.26, 1
275.16, 387.20, 1
209.66, 387.84, 3
216.20, 354.58, 1

4, crater
79.17, 471.03, 1
65.01, 452.26, 1
83.94, 442.32, 1
95.73, 467.39, 1

7, auriga
460.26, 414.84, 1
461.99, 383.88, 2
466.02, 347.99, 1
495.15, 332.60, 2
521.91, 354.47, 1
491.49, 387.51, 3
537.98, 325.07, 1

9, taurus
625.98, 343.62, 1
601.77, 329.52, 1
582.61, 320.65, 1
558.99, 291.74, 1
564.71, 319.16, 1
552.86, 319.66, 1
540.98, 322.07, 1
547.56, 303.11, 3
503.98, 294.65, 1

10, perseus
523.43, 402.55, 1
528.96, 415.36, 2
531.59, 432.98, 1
525.37, 449.73, 1
547.61, 432.20, 1
564.28, 418.82, 2
577.26, 403.56, 1
551.46, 414.51, 1
546.61, 388.43, 1
563.78, 380.81, 1

4, aries
631.07, 380.71, 1
661.81, 435.58, 1
651.07, 440.57, 1
642.62, 430.05, 2

3, triangulum
620.65, 459.72, 1
628.30, 444.31, 1
636.32, 460.34, 1

6, andromeda
593.69, 475.21, 2
606.11, 486.35, 1
627.33, 503.57, 2
616.14, 513.60, 1
651.63, 525.94, 1
659.18, 553.63, 2

15, eridanus
546.09, 229.05, 1
573.04, 230.65, 1
584.07, 244.43, 1
619.58, 245.75, 1
670.76, 235.27, 1
676.36, 263.17, 1
710.45, 315.75, 1
748.37, 321.27, 1
752.16, 287.84, 1
724.82, 244.02, 1
692.82, 167.99, 1
728.29, 164.10, 1
813.65, 212.39, 1
831.04, 262.71, 1
849.39, 304.43, 1

2, fornax
767.19, 282.02, 1
804.64, 320.90, 1

12, cetus
673.41, 347.08, 1
665.83, 356.60, 1
666.60, 374.71, 1
680.96, 382.12, 1 
687.09, 367.21, 1
723.36, 381.86, 2
737.97, 340.84, 1
752.53, 407.15, 1
777.02, 414.62, 1
790.77, 395.04, 1
778.29, 463.38, 1
800.18, 495.89, 2

5, camelopardalis
425.53, 530.70, 1
479.97, 466.52, 1
479.97, 443.05, 1
487.92, 431.70, 1
507.30, 457.97, 1

5, cassiopeia
528.11, 497.07, 1
550.41, 501.48, 1
549.07, 523.17, 2
562.41, 529.94, 2
555.37, 551.10, 2

3, pegasus
698.78, 546.81, 1
692.76, 617.81, 2
651.02, 611.62, 2

3, lacerta
586.10, 623.56, 1
576.46, 605.66, 1
557.51, 615.32, 1

6, cepheus
511.00, 623.79, 1
519.19, 603.39, 1
541.86, 599.32, 1
529.58, 571.30, 1
489.06, 552.38, 1
498.07, 587.06, 1

7, ursaMinor
410.83, 572.40, 2
411.59, 588.72, 1
428.24, 587.21, 1
424.45, 570.84, 1
442.14, 570.84, 1
453.73, 556.72, 1
451.52, 534.40, 1

13, draco
385.95, 517.11, 1
381.24, 548.76, 1
367.41, 582.03, 1
369.66, 616.89, 1
386.29, 640.90, 1
404.87, 633.60, 1
428.60, 628.79, 1
461.12, 598.74, 1
473.06, 608.41, 1
461.98, 622.67, 1
437.31, 660.23, 1
419.27, 672.23, 1
435.21, 683.54, 2

5, hydra
34.45, 474.46, 1
92.49, 389.48, 1
191.22, 301.26, 2
259.93, 311.06, 1
274.11, 300.16, 1

17, ursaMajor
351.46, 429.54, 1
346.18, 460.18, 1
356.36, 471.62, 1
374.95, 476.96, 1
389.14, 488.05, 1
392.05, 453.17, 1
352.69, 515.82, 2
337.13, 509.47, 2
318.02, 531.61, 2
303.65, 524.65, 1
296.50, 493.40, 1
302.87, 462.44, 1
252.43, 506.84, 1
335.86, 539.93, 1
331.03, 562.72, 2
327.24, 585.62, 2
303.67, 604.36, 2
